[(70, 233), (111, 242)]
[(114, 230), (307, 239)]
[(310, 231), (341, 243)]
[(342, 228), (377, 238)]
[(383, 232), (434, 244)]
[(436, 227), (492, 238)]
[(71, 255), (137, 267)]
[(140, 255), (307, 263)]
[(312, 255), (399, 268)]
[(401, 254), (492, 264)]
[(71, 276), (170, 287)]
[(170, 275), (492, 284)]
[(70, 298), (178, 313)]
[(180, 299), (305, 307)]
[(308, 298), (365, 312)]
[(365, 297), (492, 308)]
[(68, 322), (124, 335)]
[(124, 320), (380, 331)]
[(383, 319), (399, 337)]
[(398, 321), (493, 332)]
[(70, 344), (146, 357)]
[(146, 342), (304, 353)]
[(308, 341), (349, 356)]
[(349, 340), (491, 352)]
[(70, 365), (130, 377)]
[(130, 363), (380, 375)]
[(381, 363), (399, 380)]
[(401, 362), (494, 374)]
[(69, 389), (152, 398)]
[(152, 387), (308, 397)]
[(308, 383), (348, 398)]
[(350, 386), (493, 396)]
[(67, 411), (190, 424)]
[(415, 405), (493, 420)]
[(67, 456), (322, 467)]
[(326, 450), (406, 462)]
[(66, 466), (323, 478)]
[(327, 464), (408, 475)]
[(69, 481), (323, 490)]
[(326, 478), (406, 488)]
[(66, 495), (148, 508)]
[(327, 493), (407, 505)]
[(68, 512), (185, 528)]
[(188, 510), (494, 523)]
[(65, 568), (322, 582)]
[(325, 565), (404, 577)]
[(66, 583), (324, 592)]
[(326, 578), (406, 590)]
[(66, 594), (323, 603)]
[(326, 590), (407, 602)]
[(65, 604), (323, 617)]
[(325, 603), (407, 613)]
[(68, 617), (324, 626)]
[(326, 613), (408, 626)]
[(67, 631), (324, 643)]
[(325, 630), (409, 641)]
