[(73, 234), (116, 248)]
[(119, 235), (309, 243)]
[(314, 233), (345, 247)]
[(347, 232), (384, 243)]
[(394, 232), (445, 249)]
[(453, 232), (506, 247)]
[(72, 258), (145, 268)]
[(145, 260), (310, 273)]
[(318, 256), (405, 270)]
[(415, 256), (503, 270)]
[(66, 282), (175, 294)]
[(181, 279), (499, 292)]
[(72, 302), (182, 316)]
[(184, 303), (312, 316)]
[(315, 305), (373, 318)]
[(376, 302), (497, 317)]
[(74, 324), (126, 342)]
[(130, 325), (388, 342)]
[(389, 325), (408, 340)]
[(410, 326), (500, 340)]
[(69, 348), (151, 364)]
[(154, 348), (313, 361)]
[(314, 347), (357, 363)]
[(363, 346), (498, 361)]
[(66, 372), (134, 385)]
[(139, 364), (383, 384)]
[(388, 374), (408, 383)]
[(411, 374), (499, 381)]
[(70, 393), (156, 405)]
[(164, 393), (314, 406)]
[(307, 388), (355, 406)]
[(355, 393), (497, 405)]
[(68, 414), (422, 437)]
[(426, 418), (497, 434)]
[(69, 457), (195, 474)]
[(330, 460), (404, 471)]
[(67, 476), (192, 483)]
[(329, 476), (401, 486)]
[(72, 486), (271, 498)]
[(332, 487), (407, 497)]
[(67, 502), (156, 514)]
[(332, 504), (400, 516)]
[(71, 522), (192, 535)]
[(201, 518), (288, 538)]
[(63, 578), (146, 592)]
[(333, 579), (415, 596)]
[(70, 593), (150, 604)]
[(331, 597), (412, 602)]
[(69, 604), (186, 618)]
[(332, 606), (415, 613)]
[(72, 619), (157, 629)]
[(331, 617), (410, 626)]
[(70, 629), (253, 642)]
[(334, 627), (412, 641)]
[(72, 646), (143, 656)]
[(335, 642), (411, 655)]
